157
159
162
158
163
160
154
154
152
147
144
142
141
143
144
145
142
139
139
133
131
129
125
123
117
115
113
114
112
110
109
113
109
108
104
106
106
106
102
102
102
100
98
97
99
97
95
93
89
88
89
87
88
87
87
85
84
86
86
82
85
89
89
90
86
88
93
96
98
94
93
91
90
91
89
88
93
94
98
98
99
97
94
94
93
92
91
90
88
91
88
89
95
99
101
102
106
108
107
104
98
94
97
98
102
102
102
108
111
110
110
110
111
111
114
118
118
115
117
120
118
124
127
130
130
133
132
130
128
126
126
128
131
128
129
129
126
124
126
132
138
144
150
156
159
161
164
163
163
163
160
157
153
151
148
147
143
143
137
135
133
136
131
130
125
122
117
112
109
109
110
111
113
112
114
111
110
110
112
112
111
110
109
108
107
106
107
105
108
112
111
109
108
108
111
110
108
104
105
106
101
102
107
109
113
116
117
120
124
122
124
123
129
128
130
135
136
139
145
144
148
151
150
148
146
149
148
146
145
142
141
142
142
145
150
151
154
155
159
160
158
161
162
165
166
168
170
169
174
180
186
192
198
203
209
210
209
215
219
219
225
225
229
232
237
241
247
251
257
263
269
275
277
283
287
291
290
294
297
296
300
306
311
316
320
320
321
321
320
322
327
331
335
339
342
347
347
353
359
365
369
375
381
384
389
390
391
393
389
387
388
389
394
396
393
392
387
383
381
382
383
386
385
380
376
372
367
368
371
377
379
380
376
370
368
362
357
355
351
349
346
345
341
335
337
331
325
323
320
321
315
309
303
299
293
287
283
279
274
271
270
265
260
255
253
247
243
237
231
226
220
214
208
202
198
200
195
192
188
186
184
178
172
167
165
163
160
158
154
149
145
145
143
142
140
134
133
130
127
126
124
120
120
118
118
118
113
114
113
112
114
111
107
107
101
103
102
99
97
97
100
102
106
109
105
102
106
111
113
110
105
104
104
102
103
100
99
98
97
100
96
96
91
89
89
84
88
89
87
85
82
82
84
89
93
95
101
103
105
105
99
94
99
99
99
103
101
101
104
103
106
106
108
110
110
114
114
110
113
117
119
119
120
119
121
124
125
124
120
123
125
124
125
124
119
118
119
119
123
128
130
130
133
138
144
141
140
140
141
143
145
145
144
144
144
138
137
141
147
153
157
159
156
157
156
156
156
152
149
143
143
138
135
136
137
136
135
132
132
131
130
129
126
128
127
124
120
120
118
123
124
129
129
126
124
125
127
129
127
125
122
121
121
122
119
124
125
131
137
140
142
141
138
134
131
137
143
149
153
151
152
155
158
155
154
157
158
154
151
149
153
154
154
155
154
155
159
160
162
167
