110
105
104
101
102
103
103
104
103
106
100
103
102
99
97
96
99
99
99
100
97
94
90
95
95
94
97
103
109
106
106
111
110
111
109
110
110
111
111
111
110
112
113
112
115
113
117
114
117
121
120
118
115
120
126
128
129
127
125
129
133
132
132
135
132
133
132
130
133
136
137
140
139
137
137
138
141
140
142
145
145
141
141
140
139
139
139
136
133
132
134
138
136
136
134
134
136
132
132
131
133
132
134
130
131
134
134
132
132
133
135
136
138
144
146
147
149
146
143
143
145
148
146
147
149
152
155
156
152
147
150
150
155
155
160
165
162
160
159
162
158
160
159
158
159
160
163
162
165
164
161
160
165
169
173
179
185
189
189
191
197
200
204
202
203
205
202
205
206
209
210
204
203
202
199
200
205
210
212
214
216
216
214
215
219
221
222
221
218
221
222
223
224
227
227
229
235
235
241
247
249
251
255
254
254
253
256
257
260
260
262
267
268
268
270
273
274
273
273
278
284
282
285
289
291
290
287
288
286
282
284
285
286
288
286
285
285
287
288
288
293
299
300
301
305
310
311
313
314
314
316
316
315
315
314
314
312
310
313
313
315
310
315
316
315
318
319
320
317
321
323
328
329
328
329
332
334
337
337
338
342
341
341
342
348
352
358
364
368
372
375
380
379
374
375
377
381
380
384
385
389
390
388
387
389
392
392
387
389
388
385
382
382
383
382
378
378
374
371
371
373
370
375
377
373
378
380
386
386
387
384
385
384
383
381
380
379
374
373
374
372
370
369
367
368
369
366
365
371
376
375
378
378
372
370
364
363
362
361
359
357
354
355
352
354
360
356
356
355
361
367
370
371
371
369
371
377
376
374
369
367
363
359
355
354
351
354
350
346
341
341
343
342
337
337
331
331
330
325
328
330
332
332
333
334
331
328
327
326
323
318
321
327
326
322
318
315
310
308
305
306
308
305
308
308
305
305
305
300
297
292
290
286
282
278
278
279
280
278
275
272
266
264
262
259
260
259
260
260
259
258
255
256
250
253
259
259
254
256
250
250
244
242
238
235
236
233
235
234
233
229
226
222
220
216
212
209
206
205
205
206
206
202
202
198
194
191
188
186
186
184
181
181
183
182
180
182
183
185
184
183
184
184
181
179
179
180
178
176
175
170
171
166
167
164
163
161
157
158
156
158
157
155
156
154
152
150
148
148
150
150
147
143
145
141
139
141
141
142
139
142
140
138
136
137
135
137
135
132
131
126
123
119
118
122
123
121
122
121
118
117
118
120
120
119
117
116
113
111
109
110
111
112
108
109
111
110
111
110
107
104
102
101
105
102
104
100
102
102
105
107
110
106
104
106
107
106
104
103
101
