189
183
180
181
180
179
183
182
178
179
183
183
181
186
188
194
193
195
194
195
194
194
193
193
196
196
195
193
193
196
194
194
194
195
195
194
196
197
195
197
195
194
195
199
199
198
200
202
199
200
202
203
204
210
216
220
223
225
228
229
234
230
230
230
229
230
234
235
237
238
236
237
237
236
238
237
239
237
238
236
235
236
237
234
233
234
236
235
233
232
234
234
238
242
244
246
252
256
255
255
254
255
257
258
261
263
260
260
255
252
255
256
257
255
258
256
258
261
265
266
268
265
265
267
271
270
270
272
270
270
266
269
268
273
270
270
268
268
271
277
281
286
286
291
293
297
301
300
296
295
293
295
297
299
299
303
304
304
307
305
309
308
308
304
304
306
310
307
305
302
303
300
299
299
299
301
303
306
306
307
308
314
316
316
316
316
320
320
321
319
320
324
325
326
324
321
317
317
315
317
317
319
317
321
320
317
318
322
326
325
327
331
332
334
332
335
333
333
332
331
329
328
328
331
335
340
345
347
350
352
352
354
354
351
349
350
349
350
347
349
349
345
345
345
346
350
352
349
351
352
351
352
354
355
352
353
356
354
355
353
354
356
353
353
352
355
356
362
361
355
357
357
361
360
364
361
355
360
359
358
358
355
356
354
356
354
353
347
351
353
354
351
349
348
349
351
353
354
352
351
348
349
348
348
347
347
348
346
345
348
354
360
366
372
378
384
385
384
382
376
372
368
362
358
360
356
350
346
344
344
339
338
332
330
327
323
322
319
321
322
322
317
319
316
316
314
311
307
308
307
304
300
301
306
307
306
307
308
309
307
304
304
303
299
296
294
294
294
294
292
292
286
283
285
286
284
282
282
286
284
282
279
276
279
273
271
269
265
265
268
270
269
271
267
267
272
274
269
266
264
265
260
258
262
261
259
261
260
256
254
254
250
248
249
246
244
244
246
243
242
240
237
238
235
234
235
239
239
234
230
227
228
230
227
230
227
224
223
228
227
224
220
219
220
218
219
220
217
219
219
214
217
216
212
211
208
208
208
211
213
211
208
210
213
213
214
212
212
211
210
206
203
203
203
204
209
206
205
203
202
199
201
202
200
203
203
201
202
198
196
193
195
191
192
193
198
193
194
195
196
196
194
195
193
196
193
194
192
190
187
187
185
182
185
184
187
186
186
185
179
179
180
182
183
188
187
184
180
183
187
186
186
186
186
185
186
184
185
184
188
187
187
187
185
184
190
191
190
194
197
193
189
188
186
186
187
183
181
186
182
184
190
189
188
189
187
191
194
197
198
198
194
190
189
190
191
193
191
187
184
190
189
187
186
183
189
188
185
190
189
188
188
188
191
193
192
189
190
191
192
