127
167
153
103
144
124
133
151
174
115
90
110
123
94
131
122
100
124
108
138
164
135
136
130
131
149
128
127
118
140
142
123
155
116
141
141
131
111
141
147
138
136
156
174
150
137
125
132
137
146
143
105
136
116
135
164
118
98
132
132
158
145
155
161
116
130
150
172
135
122
145
125
119
143
154
122
109
141
175
177
151
125
130
119
127
116
118
128
117
133
147
123
146
120
104
137
175
116
116
155
123
97
141
137
120
116
125
130
133
157
118
122
123
123
144
156
148
134
108
115
145
142
121
122
142
113
127
133
116
101
112
143
145
156
153
144
133
124
123
119
171
131
105
142
125
126
148
115
133
150
169
183
158
120
108
125
148
128
101
127
115
97
157
137
134
115
149
112
148
148
109
132
123
112
134
135
126
127
129
128
156
140
127
108
160
144
184
177
142
110
156
136
147
165
152
143
133
122
108
118
153
131
109
122
163
176
170
150
135
125
156
144
113
128
181
184
145
117
136
113
130
136
145
165
128
105
145
149
165
136
130
128
117
108
131
127
112
106
100
143
180
180
131
106
117
105
142
123
157
161
152
136
133
155
165
139
131
133
161
164
144
127
168
158
149
140
139
174
132
122
114
144
123
108
128
150
156
200
164
124
136
139
151
131
121
149
152
141
112
151
181
127
142
158
158
140
154
154
169
145
129
158
140
119
126
118
148
166
135
117
161
177
148
168
176
176
165
146
146
155
142
141
179
197
167
153
182
197
176
171
194
194
158
194
200
184
163
175
166
186
143
150
168
148
158
181
192
204
216
184
144
148
155
174
160
199
151
144
171
201
208
199
205
145
170
190
219
204
161
165
162
184
195
179
176
162
161
170
182
179
169
127
150
167
219
219
166
184
175
188
171
172
140
159
169
165
137
187
202
175
165
157
190
197
163
182
189
208
191
207
167
181
181
184
198
185
165
130
172
176
195
195
176
176
187
187
182
185
176
170
187
201
190
184
186
199
198
192
201
217
188
181
152
192
158
183
178
186
171
175
141
163
166
146
173
166
226
210
191
171
158
163
143
157
188
160
169
181
181
190
171
187
189
215
215
201
178
201
185
190
173
192
152
161
185
168
197
197
171
167
197
238
218
218
189
162
180
187
182
173
185
173
188
195
171
164
180
158
178
181
216
198
176
184
186
207
186
177
153
168
172
172
161
165
140
141
154
157
191
161
157
151
167
150
125
162
152
156
150
159
178
160
169
194
198
182
223
222
176
197
193
210
198
196
181
180
199
192
175
199
198
190
189
202
228
228
212
175
222
207
192
192
191
187
224
191
187
187
190
168
194
183
186
197
177
164
190
170
181
200
164
172
176
186
164
184
178
195
202
220
